
/Gem,Systems,GSM-19W,8078103,v7.0,9,VII,2018,M,ew3fl~v7o,,,,,,,,,,,,,
/ID,1,file,36lab2,.wm,02,XII19
/UTC
/19H
/00474338
/60Hz,AC,filter
/12.2V
/tune,initialize,Y,auto-tune,Y,024.4uT
/lat,lon,elevation,nT,sq,cor-nT,sat,position-type,time,picket-x,picket-y,
line,000000
-033.4573266,-070.6618207,000547,24466.86,99,000000.00,06,S,144401.0,-7802617.68,0,
-033.4573266,-070.6618207,000547,24467.29,99,000000.00,06,S,144401.2,*,*,
-033.4573266,-070.6618207,000547,24467.34,99,000000.00,06,S,144401.4,*,*,
-033.4573266,-070.6618207,000547,24467.35,99,000000.00,06,S,144401.6,*,*,
-033.4573266,-070.6618207,000547,24467.35,99,000000.00,06,S,144401.8,*,*,
-033.4573266,-070.6618207,000547,24467.07,99,000000.00,06,S,144402.0,*,*,
-033.4573266,-070.6618207,000547,24467.07,99,000000.00,06,S,144402.2,*,*,
-033.4573266,-070.6618207,000547,24467.00,99,000000.00,06,S,144402.4,*,*,
-033.4573266,-070.6618207,000547,24467.18,99,000000.00,06,S,144402.6,*,*,
-033.4573266,-070.6618207,000547,24467.43,99,000000.00,06,S,144402.8,*,*,
-033.4573266,-070.6618207,000547,24467.53,99,000000.00,06,S,144403.0,*,*,
-033.4573266,-070.6618207,000547,24467.32,99,000000.00,06,S,144403.2,*,*,
-033.4573266,-070.6618207,000547,24467.37,99,000000.00,06,S,144403.4,*,*,
-033.4573266,-070.6618207,000547,24467.29,99,000000.00,06,S,144403.6,*,*,
-033.4573266,-070.6618207,000547,24467.29,99,000000.00,06,S,144403.8,*,*,
-033.4573267,-070.6618206,000547,24467.02,99,000000.00,06,S,144404.0,*,*,
-033.4573267,-070.6618206,000547,24467.07,99,000000.00,06,S,144404.2,*,*,
-033.4573267,-070.6618206,000547,24466.95,99,000000.00,06,S,144404.4,*,*,
-033.4573267,-070.6618206,000547,24466.99,99,000000.00,06,S,144404.6,*,*,
-033.4573267,-070.6618206,000547,24467.19,99,000000.00,06,S,144404.8,*,*,
-033.4573267,-070.6618206,000547,24467.06,99,000000.00,06,S,144405.0,*,*,
-033.4573267,-070.6618206,000547,24467.00,99,000000.00,06,S,144405.2,*,*,
-033.4573267,-070.6618206,000547,24467.21,99,000000.00,06,S,144405.4,*,*,
-033.4573268,-070.6618206,000547,24467.30,99,000000.00,06,S,144405.6,*,*,
-033.4573268,-070.6618206,000547,24467.30,99,000000.00,06,S,144405.8,*,*,
-033.4573269,-070.6618205,000547,24467.40,99,000000.00,06,S,144406.0,*,*,
-033.4573269,-070.6618205,000547,24467.40,99,000000.00,06,S,144406.2,*,*,
-033.4573269,-070.6618205,000547,24467.40,99,000000.00,06,S,144406.4,*,*,
-033.4573269,-070.6618205,000547,24467.39,99,000000.00,06,S,144406.6,*,*,
-033.4573269,-070.6618205,000547,24467.43,99,000000.00,06,S,144406.8,*,*,
-033.4573269,-070.6618205,000547,24467.38,99,000000.00,06,S,144407.0,*,*,
-033.4573269,-070.6618205,000547,24467.34,99,000000.00,06,S,144407.2,*,*,
-033.4573269,-070.6618205,000547,24467.25,99,000000.00,06,S,144407.4,*,*,
-033.4573269,-070.6618205,000547,24467.01,99,000000.00,06,S,144407.6,*,*,
-033.4573269,-070.6618205,000547,24467.01,99,000000.00,06,S,144407.8,*,*,
-033.4573269,-070.6618205,000547,24466.97,99,000000.00,06,S,144408.0,*,*,
-033.4573269,-070.6618205,000547,24467.17,99,000000.00,06,S,144408.2,*,*,
-033.4573269,-070.6618205,000547,24467.27,99,000000.00,06,S,144408.4,*,*,
-033.4573269,-070.6618205,000547,24467.57,99,000000.00,06,S,144408.6,*,*,
-033.4573269,-070.6618205,000547,24467.40,99,000000.00,06,S,144408.8,*,*,
-033.4573270,-070.6618204,000547,24467.16,99,000000.00,06,S,144409.0,*,*,
-033.4573270,-070.6618204,000547,24467.15,99,000000.00,06,S,144409.2,*,*,
-033.4573270,-070.6618204,000547,24467.13,99,000000.00,06,S,144409.4,*,*,
-033.4573270,-070.6618204,000547,24467.44,99,000000.00,06,S,144409.6,*,*,
-033.4573270,-070.6618204,000547,24467.44,99,000000.00,06,S,144409.8,*,*,
-033.4573270,-070.6618204,000547,24467.04,99,000000.00,06,S,144410.0,*,*,
-033.4573270,-070.6618204,000547,24467.09,99,000000.00,06,S,144410.2,*,*,
-033.4573270,-070.6618204,000547,24467.16,99,000000.00,06,S,144410.4,*,*,
-033.4573271,-070.6618204,000547,24467.22,99,000000.00,06,S,144410.6,*,*,
-033.4573271,-070.6618204,000547,24467.14,99,000000.00,06,S,144410.8,*,*,
-033.4573272,-070.6618203,000547,24467.07,99,000000.00,06,S,144411.0,*,*,
-033.4573272,-070.6618203,000547,24467.26,99,000000.00,06,S,144411.2,*,*,
-033.4573272,-070.6618203,000547,24467.34,99,000000.00,06,S,144411.4,*,*,
-033.4573272,-070.6618203,000547,24467.12,99,000000.00,06,S,144411.6,*,*,
-033.4573272,-070.6618203,000547,24467.12,99,000000.00,06,S,144411.8,*,*,
-033.4573272,-070.6618203,000547,24467.28,99,000000.00,06,S,144412.0,*,*,
-033.4573273,-070.6618203,000547,24467.10,99,000000.00,06,S,144412.2,*,*,
-033.4573274,-070.6618202,000547,24467.35,99,000000.00,06,S,144412.4,*,*,
-033.4573275,-070.6618201,000547,24467.35,99,000000.00,06,S,144412.6,*,*,
-033.4573276,-070.6618200,000547,24467.14,99,000000.00,06,S,144412.8,*,*,
-033.4573278,-070.6618199,000547,24467.27,99,000000.00,06,S,144413.0,*,*,
-033.4573278,-070.6618199,000547,24467.20,99,000000.00,06,S,144413.2,*,*,
-033.4573278,-070.6618199,000547,24467.36,99,000000.00,06,S,144413.4,*,*,
-033.4573278,-070.6618199,000547,24467.23,99,000000.00,06,S,144413.6,*,*,
-033.4573278,-070.6618199,000547,24467.23,99,000000.00,06,S,144413.8,*,*,
-033.4573278,-070.6618199,000547,24467.29,99,000000.00,06,S,144414.0,*,*,
-033.4573278,-070.6618199,000547,24467.19,99,000000.00,06,S,144414.2,*,*,
-033.4573278,-070.6618199,000547,24467.22,99,000000.00,06,S,144414.4,*,*,
-033.4573278,-070.6618199,000547,24467.17,99,000000.00,06,S,144414.6,*,*,
-033.4573278,-070.6618199,000547,24467.21,99,000000.00,06,S,144414.8,*,*,
-033.4573278,-070.6618199,000547,24467.27,99,000000.00,06,S,144415.0,*,*,
-033.4573278,-070.6618199,000547,24467.20,99,000000.00,06,S,144415.2,*,*,
-033.4573278,-070.6618199,000547,24467.26,99,000000.00,06,S,144415.4,*,*,
-033.4573279,-070.6618199,000547,24467.04,99,000000.00,06,S,144415.6,*,*,
-033.4573279,-070.6618199,000547,24467.04,99,000000.00,06,S,144415.8,*,*,
-033.4573280,-070.6618198,000547,24467.33,99,000000.00,06,S,144416.0,*,*,
-033.4573280,-070.6618198,000547,24467.24,99,000000.00,06,S,144416.2,*,*,
-033.4573280,-070.6618198,000547,24467.17,99,000000.00,06,S,144416.4,*,*,
-033.4573280,-070.6618198,000547,24467.12,99,000000.00,06,S,144416.6,*,*,
-033.4573280,-070.6618198,000547,24467.20,99,000000.00,06,S,144416.8,*,*,
-033.4573280,-070.6618198,000547,24467.31,99,000000.00,06,S,144417.0,*,*,
-033.4573280,-070.6618198,000547,24467.32,99,000000.00,06,S,144417.2,*,*,
-033.4573280,-070.6618198,000547,24467.17,99,000000.00,06,S,144417.4,*,*,
-033.4573280,-070.6618197,000547,24467.28,99,000000.00,06,S,144417.6,*,*,
-033.4573280,-070.6618197,000547,24467.28,99,000000.00,06,S,144417.8,*,*,
-033.4573281,-070.6618196,000547,24467.45,99,000000.00,06,S,144418.0,*,*,
-033.4573281,-070.6618196,000547,24467.26,99,000000.00,06,S,144418.2,*,*,
-033.4573281,-070.6618196,000547,24467.24,99,000000.00,06,S,144418.4,*,*,
-033.4573281,-070.6618196,000547,24467.18,99,000000.00,06,S,144418.6,*,*,
-033.4573281,-070.6618196,000547,24467.15,99,000000.00,06,S,144418.8,*,*,
-033.4573281,-070.6618196,000547,24467.28,99,000000.00,06,S,144419.0,*,*,
-033.4573281,-070.6618196,000547,24467.17,99,000000.00,06,S,144419.2,*,*,
-033.4573281,-070.6618196,000547,24467.25,99,000000.00,06,S,144419.4,*,*,
-033.4573281,-070.6618196,000547,24467.31,99,000000.00,06,S,144419.6,*,*,
-033.4573281,-070.6618196,000547,24467.31,99,000000.00,06,S,144419.8,*,*,
-033.4573281,-070.6618196,000547,24467.06,99,000000.00,06,S,144420.0,*,*,
-033.4573281,-070.6618196,000547,24467.19,99,000000.00,06,S,144420.2,*,*,
-033.4573281,-070.6618196,000547,24467.22,99,000000.00,06,S,144420.4,*,*,
-033.4573282,-070.6618196,000547,24467.08,99,000000.00,06,S,144420.6,*,*,
-033.4573282,-070.6618196,000547,24467.29,99,000000.00,06,S,144420.8,*,*,
-033.4573283,-070.6618195,000547,24467.32,99,000000.00,06,S,144421.0,*,*,
-033.4573283,-070.6618195,000547,24467.27,99,000000.00,06,S,144421.2,*,*,
-033.4573283,-070.6618195,000547,24467.23,99,000000.00,06,S,144421.4,*,*,
-033.4573283,-070.6618195,000547,24467.37,99,000000.00,06,S,144421.6,*,*,
-033.4573283,-070.6618195,000547,24467.37,99,000000.00,06,S,144421.8,*,*,
-033.4573283,-070.6618195,000547,24467.13,99,000000.00,06,S,144422.0,*,*,
-033.4573283,-070.6618195,000547,24467.15,99,000000.00,06,S,144422.2,*,*,
-033.4573283,-070.6618195,000547,24467.13,99,000000.00,06,S,144422.4,*,*,
-033.4573284,-070.6618195,000547,24467.29,99,000000.00,06,S,144422.6,*,*,
-033.4573284,-070.6618195,000547,24467.28,99,000000.00,06,S,144422.8,*,*,
-033.4573285,-070.6618194,000547,24467.05,99,000000.00,06,S,144423.0,*,*,
-033.4573285,-070.6618194,000547,24467.12,99,000000.00,06,S,144423.2,*,*,
-033.4573285,-070.6618194,000547,24467.33,99,000000.00,06,S,144423.4,*,*,
-033.4573285,-070.6618194,000547,24467.20,99,000000.00,06,S,144423.6,*,*,
-033.4573285,-070.6618194,000547,24467.20,99,000000.00,06,S,144423.8,*,*,
-033.4573285,-070.6618194,000547,24467.16,99,000000.00,06,S,144424.0,*,*,
-033.4573285,-070.6618194,000547,24467.31,99,000000.00,06,S,144424.2,*,*,
-033.4573285,-070.6618194,000547,24467.41,99,000000.00,06,S,144424.4,*,*,
-033.4573285,-070.6618194,000547,24467.25,99,000000.00,06,S,144424.6,*,*,
-033.4573285,-070.6618194,000547,24467.22,99,000000.00,06,S,144424.8,*,*,
-033.4573285,-070.6618194,000547,24467.57,99,000000.00,06,S,144425.0,*,*,
-033.4573285,-070.6618194,000547,24467.26,99,000000.00,06,S,144425.2,*,*,
-033.4573285,-070.6618194,000547,24467.10,99,000000.00,06,S,144425.4,*,*,
-033.4573286,-070.6618193,000547,24467.10,99,000000.00,06,S,144425.6,*,*,
-033.4573286,-070.6618193,000547,24467.10,99,000000.00,06,S,144425.8,*,*,
-033.4573287,-070.6618192,000547,24467.22,99,000000.00,06,S,144426.0,*,*,
-033.4573287,-070.6618192,000547,24467.22,99,000000.00,06,S,144426.2,*,*,
-033.4573287,-070.6618192,000547,24467.25,99,000000.00,06,S,144426.4,*,*,
-033.4573287,-070.6618192,000547,24467.33,99,000000.00,06,S,144426.6,*,*,
-033.4573287,-070.6618192,000547,24467.16,99,000000.00,06,S,144426.8,*,*,
-033.4573287,-070.6618192,000547,24467.00,99,000000.00,06,S,144427.0,*,*,
-033.4573288,-070.6618191,000547,24467.30,99,000000.00,06,S,144427.2,*,*,
-033.4573290,-070.6618190,000547,24467.26,99,000000.00,06,S,144427.4,*,*,
-033.4573292,-070.6618188,000547,24467.21,99,000000.00,06,S,144427.6,*,*,
-033.4573294,-070.6618187,000547,24467.21,99,000000.00,06,S,144427.8,*,*,
-033.4573296,-070.6618185,000546,24467.42,99,000000.00,06,S,144428.0,*,*,
-033.4573296,-070.6618185,000546,24467.17,99,000000.00,06,S,144428.2,*,*,
-033.4573296,-070.6618185,000546,24467.11,99,000000.00,06,S,144428.4,*,*,
-033.4573296,-070.6618185,000546,24467.42,99,000000.00,06,S,144428.6,*,*,
-033.4573296,-070.6618185,000546,24467.29,99,000000.00,06,S,144428.8,*,*,
-033.4573296,-070.6618185,000546,24466.94,99,000000.00,06,S,144429.0,*,*,
-033.4573296,-070.6618185,000546,24467.20,99,000000.00,06,S,144429.2,*,*,
-033.4573296,-070.6618185,000546,24467.30,99,000000.00,06,S,144429.4,*,*,
-033.4573297,-070.6618185,000546,24467.27,99,000000.00,06,S,144429.6,*,*,
-033.4573297,-070.6618185,000546,24467.27,99,000000.00,06,S,144429.8,*,*,
-033.4573298,-070.6618184,000546,24467.35,99,000000.00,06,S,144430.0,*,*,
-033.4573298,-070.6618184,000546,24467.40,99,000000.00,06,S,144430.2,*,*,
-033.4573298,-070.6618184,000546,24467.28,99,000000.00,06,S,144430.4,*,*,
-033.4573298,-070.6618184,000546,24467.14,99,000000.00,06,S,144430.6,*,*,
-033.4573298,-070.6618184,000546,24467.19,99,000000.00,06,S,144430.8,*,*,
-033.4573298,-070.6618184,000546,24467.21,99,000000.00,06,S,144431.0,*,*,
-033.4573298,-070.6618184,000546,24467.07,99,000000.00,06,S,144431.2,*,*,
-033.4573298,-070.6618184,000546,24467.27,99,000000.00,06,S,144431.4,*,*,
-033.4573298,-070.6618184,000546,24467.13,99,000000.00,06,S,144431.6,*,*,
-033.4573298,-070.6618184,000546,24467.13,99,000000.00,06,S,144431.8,*,*,
-033.4573298,-070.6618184,000546,24467.23,99,000000.00,06,S,144432.0,*,*,
-033.4573298,-070.6618184,000546,24467.15,99,000000.00,06,S,144432.2,*,*,
-033.4573298,-070.6618184,000546,24467.27,99,000000.00,06,S,144432.4,*,*,
-033.4573299,-070.6618183,000546,24467.18,99,000000.00,06,S,144432.6,*,*,
-033.4573299,-070.6618183,000546,24467.29,99,000000.00,06,S,144432.8,*,*,
-033.4573300,-070.6618182,000546,24467.18,99,000000.00,06,S,144433.0,*,*,
-033.4573300,-070.6618182,000546,24467.45,99,000000.00,06,S,144433.2,*,*,
-033.4573300,-070.6618182,000546,24467.18,99,000000.00,06,S,144433.4,*,*,
-033.4573300,-070.6618182,000546,24467.32,99,000000.00,06,S,144433.6,*,*,
-033.4573300,-070.6618182,000546,24467.32,99,000000.00,06,S,144433.8,-7802617.68,0,

