/Gem,Systems,GSM-19W,8078103,v7.0,9,VII,2018,M,ew3fl~v7o,,,,,,,,,,,,,
/ID,1,file,37lab2,.wm,07,XII19
/UTC
/19J
/0047541E
/60Hz,AC,filter
/12.4V
/tune,initialize,Y,auto-tune,Y,040.3uT
/lat,lon,elevation,nT,sq,cor-nT,sat,position-type,time,picket-x,picket-y,
line,000000
-024.4853565,-070.1487300,002234,41835.96,09,000000.00,04,S,110929.0,-7802617.68,0,
-024.4855186,-070.1486506,002269,35925.32,09,000000.00,03,P,110930.0,*,*,
-024.4855302,-070.1486449,002272,41301.19,09,000000.00,03,P,110931.0,*,*,
-024.4855305,-070.1486447,002272,00000.00,09,000000.00,04,S,110932.0,*,*,
-024.4852854,-070.1487601,002213,41312.79,09,000000.00,03,P,110933.0,*,*,
-024.4852663,-070.1487689,002208,40716.43,09,000000.00,04,S,110934.0,*,*,
-024.4853263,-070.1487324,002213,41358.05,09,000000.00,03,P,110935.0,*,*,
-024.4853104,-070.1487398,002209,43062.12,09,000000.00,03,P,110936.0,*,*,
-024.4852971,-070.1487461,002206,42387.62,09,000000.00,03,P,110937.0,*,*,
-024.4852861,-070.1487513,002203,42796.71,06,000000.00,03,P,110938.0,*,*,
-024.4852772,-070.1487554,002202,42551.44,09,000000.00,03,P,110939.0,*,*,
-024.4852698,-070.1487588,002200,42707.85,09,000000.00,04,S,110940.0,*,*,
-024.4852636,-070.1487619,002199,42983.19,09,000000.00,03,P,110941.0,*,*,
-024.4852585,-070.1487641,002198,42568.28,09,000000.00,03,P,110942.0,*,*,
-024.4852547,-070.1487658,002197,42749.82,09,000000.00,03,P,110943.0,*,*,
-024.4852515,-070.1487674,002197,42937.75,04,000000.00,03,P,110944.0,*,*,
-024.4852488,-070.1487691,002197,42731.41,09,000000.00,03,P,110945.0,*,*,
-024.4852468,-070.1487699,002196,42751.13,09,000000.00,04,S,110946.0,*,*,
-024.4852395,-070.1487741,002196,44311.58,09,000000.00,06,S,110947.0,*,*,
-024.4852209,-070.1487851,002197,42694.91,09,000000.00,06,S,110948.0,*,*,
-024.4852102,-070.1487915,002197,44785.38,09,000000.00,06,S,110949.0,*,*,
-024.4852043,-070.1487958,002198,00000.00,07,000000.00,06,S,110950.0,*,*,
-024.4851995,-070.1487987,002198,00000.00,09,000000.00,06,S,110951.0,*,*,
-024.4851976,-070.1488001,002198,00000.00,09,000000.00,07,S,110952.0,*,*,
-024.4851958,-070.1488010,002198,00000.00,09,000000.00,06,S,110953.0,*,*,
-024.4851941,-070.1488021,002198,00000.00,09,000000.00,07,S,110954.0,*,*,
-024.4851927,-070.1488031,002198,00000.00,09,000000.00,07,S,110955.0,*,*,
-024.4851927,-070.1488039,002198,00000.00,07,000000.00,07,S,110956.0,*,*,
-024.4851903,-070.1488074,002197,38913.30,09,000000.00,08,S,110957.0,*,*,
-024.4851886,-070.1488097,002197,40265.74,09,000000.00,08,S,110958.0,*,*,
-024.4851886,-070.1488119,002197,00000.00,09,000000.00,08,S,110959.0,*,*,
-024.4851874,-070.1488132,002197,00000.00,09,000000.00,08,S,111000.0,*,*,
-024.4851870,-070.1488138,002197,00000.00,09,000000.00,08,S,111001.0,*,*,
-024.4851871,-070.1488148,002197,00000.00,05,000000.00,07,S,111002.0,*,*,
-024.4851865,-070.1488153,002197,40596.80,09,000000.00,07,S,111003.0,*,*,
-024.4851865,-070.1488153,002197,00000.00,09,000000.00,07,S,111004.0,*,*,
-024.4851863,-070.1488154,002197,00000.00,09,000000.00,08,S,111005.0,*,*,
-024.4851860,-070.1488153,002197,00000.00,09,000000.00,08,S,111006.0,*,*,
-024.4851857,-070.1488150,002197,00000.00,09,000000.00,08,S,111007.0,*,*,
-024.4851856,-070.1488149,002197,00000.00,05,000000.00,08,S,111008.0,*,*,
-024.4851848,-070.1488152,002197,00000.00,09,000000.00,08,S,111009.0,*,*,
-024.4851849,-070.1488155,002197,00000.00,09,000000.00,07,S,111010.0,*,*,
-024.4851845,-070.1488148,002197,00000.00,09,000000.00,08,S,111011.0,*,*,
-024.4851841,-070.1488144,002197,00000.00,09,000000.00,08,S,111012.0,*,*,
-024.4851836,-070.1488146,002197,00000.00,09,000000.00,09,S,111013.0,*,*,
-024.4851827,-070.1488149,002197,00000.00,06,000000.00,09,S,111014.0,*,*,
-024.4851807,-070.1488146,002197,00000.00,09,000000.00,09,S,111015.0,*,*,
-024.4851803,-070.1488152,002197,00000.00,09,000000.00,09,S,111016.0,*,*,
-024.4851808,-070.1488160,002197,00000.00,09,000000.00,09,S,111017.0,*,*,
-024.4851807,-070.1488167,002197,00000.00,09,000000.00,09,S,111018.0,*,*,
-024.4851809,-070.1488175,002197,00000.00,09,000000.00,09,S,111019.0,*,*,
-024.4851812,-070.1488184,002197,00000.00,06,000000.00,09,S,111020.0,*,*,
-024.4851823,-070.1488189,002197,00000.00,09,000000.00,09,S,111021.0,*,*,
-024.4851832,-070.1488193,002197,00000.00,09,000000.00,09,S,111022.0,*,*,
-024.4851828,-070.1488174,002197,00000.00,09,000000.00,06,S,111023.0,*,*,
-024.4851830,-070.1488175,002197,00000.00,09,000000.00,06,S,111024.0,*,*,
-024.4851835,-070.1488193,002197,00000.00,09,000000.00,09,S,111025.0,*,*,
-024.4851833,-070.1488192,002197,00000.00,05,000000.00,08,S,111026.0,*,*,
-024.4851829,-070.1488192,002197,00000.00,09,000000.00,08,S,111027.0,*,*,
-024.4851837,-070.1488198,002197,00000.00,09,000000.00,08,S,111028.0,*,*,
-024.4851847,-070.1488203,002197,00000.00,09,000000.00,07,S,111029.0,*,*,
-024.4851865,-070.1488202,002197,00000.00,09,000000.00,07,S,111030.0,*,*,
-024.4851877,-070.1488202,002197,00000.00,09,000000.00,08,S,111031.0,*,*,
-024.4851885,-070.1488204,002196,00000.00,05,000000.00,09,S,111032.0,*,*,
-024.4851921,-070.1488185,002196,00000.00,09,000000.00,07,S,111033.0,*,*,
-024.4851936,-070.1488181,002197,00000.00,09,000000.00,06,S,111034.0,*,*,
-024.4851949,-070.1488182,002197,00000.00,09,000000.00,08,S,111035.0,*,*,
-024.4851953,-070.1488195,002196,00000.00,09,000000.00,09,S,111036.0,*,*,
-024.4851960,-070.1488204,002196,00000.00,09,000000.00,09,S,111037.0,*,*,
-024.4851972,-070.1488211,002196,00000.00,09,000000.00,09,S,111038.0,*,*,
-024.4851980,-070.1488212,002196,00000.00,09,000000.00,09,S,111039.0,*,*,
-024.4851987,-070.1488213,002195,00000.00,09,000000.00,09,S,111040.0,*,*,
-024.4851992,-070.1488215,002195,00000.00,09,000000.00,09,S,111041.0,*,*,
-024.4851996,-070.1488214,002195,00000.00,09,000000.00,09,S,111042.0,*,*,
-024.4851998,-070.1488213,002195,00000.00,09,000000.00,09,S,111043.0,*,*,
-024.4852001,-070.1488213,002194,00000.00,09,000000.00,09,S,111044.0,*,*,
-024.4852002,-070.1488213,002194,00000.00,09,000000.00,09,S,111045.0,*,*,
-024.4852002,-070.1488213,002194,00000.00,09,000000.00,08,S,111046.0,*,*,
-024.4852006,-070.1488213,002194,00000.00,09,000000.00,08,S,111047.0,*,*,
-024.4852010,-070.1488212,002194,00000.00,09,000000.00,08,S,111048.0,*,*,
-024.4852014,-070.1488211,002194,00000.00,09,000000.00,09,S,111049.0,*,*,
-024.4852014,-070.1488211,002194,00000.00,07,000000.00,08,S,111050.0,*,*,
-024.4852019,-070.1488211,002194,00000.00,09,000000.00,08,S,111051.0,*,*,
-024.4852023,-070.1488210,002194,00000.00,09,000000.00,08,S,111052.0,*,*,
-024.4852028,-070.1488209,002194,00000.00,09,000000.00,08,S,111053.0,*,*,
-024.4852033,-070.1488209,002194,00000.00,09,000000.00,08,S,111054.0,*,*,
-024.4852037,-070.1488209,002194,00000.00,09,000000.00,08,S,111055.0,*,*,
-024.4852038,-070.1488209,002194,00000.00,06,000000.00,08,S,111056.0,*,*,
-024.4852044,-070.1488209,002194,00000.00,09,000000.00,08,S,111057.0,*,*,
-024.4852053,-070.1488210,002194,00000.00,09,000000.00,08,S,111058.0,*,*,
-024.4852053,-070.1488210,002194,00000.00,09,000000.00,08,S,111059.0,*,*,
-024.4852059,-070.1488210,002194,00000.00,09,000000.00,09,S,111100.0,*,*,
-024.4852067,-070.1488212,002194,00000.00,09,000000.00,09,S,111101.0,*,*,
-024.4852077,-070.1488213,002194,00000.00,09,000000.00,09,S,111102.0,-7802617.68,0,
-024.4852077,-070.1488212,002194,00000.00,09,000000.00,09,S,111103.0,*,*,
-024.4852084,-070.1488214,002194,00000.00,09,000000.00,08,S,111104.0,*,*,
-024.4852090,-070.1488217,002194,00000.00,09,000000.00,09,S,111105.0,*,*,
-024.4852090,-070.1488217,002194,00000.00,09,000000.00,08,S,111106.0,*,*,
-024.4852095,-070.1488220,002194,00000.00,09,000000.00,08,S,111107.0,*,*,
-024.4852100,-070.1488224,002194,00000.00,09,000000.00,08,S,111108.0,*,*,
-024.4852100,-070.1488224,002194,00000.00,09,000000.00,08,S,111109.0,*,*,
-024.4852101,-070.1488225,002194,00000.00,09,000000.00,09,S,111110.0,*,*,
-024.4852101,-070.1488225,002194,00000.00,09,000000.00,08,S,111111.0,*,*,
-024.4852101,-070.1488225,002194,00000.00,09,000000.00,08,S,111112.0,*,*,
-024.4852102,-070.1488226,002194,00000.00,09,000000.00,08,S,111113.0,*,*,
-024.4852106,-070.1488232,002194,00000.00,06,000000.00,08,S,111114.0,*,*,
-024.4852109,-070.1488238,002194,00000.00,09,000000.00,09,S,111115.0,*,*,
-024.4852109,-070.1488238,002194,00000.00,09,000000.00,08,S,111116.0,*,*,
-024.4852109,-070.1488238,002194,00000.00,09,000000.00,08,S,111117.0,*,*,
-024.4852120,-070.1488243,002194,00000.00,09,000000.00,08,S,111118.0,*,*,
-024.4852120,-070.1488243,002194,00000.00,09,000000.00,08,S,111119.0,*,*,
-024.4852123,-070.1488249,002194,00000.00,09,000000.00,09,S,111120.0,*,*,
-024.4852134,-070.1488255,002194,00000.00,09,000000.00,09,S,111121.0,*,*,
-024.4852143,-070.1488262,002194,00000.00,09,000000.00,09,S,111122.0,*,*,
-024.4852152,-070.1488267,002194,00000.00,09,000000.00,09,S,111123.0,*,*,
-024.4852151,-070.1488267,002194,00000.00,09,000000.00,08,S,111124.0,*,*,
-024.4852152,-070.1488267,002194,00000.00,09,000000.00,08,S,111125.0,*,*,
-024.4852161,-070.1488274,002194,00000.00,09,000000.00,08,S,111126.0,*,*,
-024.4852161,-070.1488274,002194,00000.00,09,000000.00,08,S,111127.0,*,*,
-024.4852169,-070.1488280,002194,00000.00,09,000000.00,08,S,111128.0,*,*,
-024.4852176,-070.1488285,002194,00000.00,09,000000.00,08,S,111129.0,*,*,
-024.4852186,-070.1488291,002194,00000.00,09,000000.00,08,S,111130.0,*,*,
-024.4852192,-070.1488296,002194,00000.00,09,000000.00,08,S,111131.0,*,*,
-024.4852189,-070.1488299,002194,00000.00,08,000000.00,08,S,111132.0,*,*,
-024.4852187,-070.1488302,002194,00000.00,09,000000.00,08,S,111133.0,*,*,
-024.4852187,-070.1488302,002194,00000.00,09,000000.00,08,S,111134.0,*,*,
-024.4852187,-070.1488302,002194,00000.00,09,000000.00,08,S,111135.0,*,*,
-024.4852187,-070.1488303,002194,00000.00,09,000000.00,08,S,111136.0,*,*,
-024.4852187,-070.1488303,002194,00000.00,09,000000.00,08,S,111137.0,*,*,
-024.4852186,-070.1488304,002194,00000.00,05,000000.00,09,S,111138.0,*,*,
-024.4852182,-070.1488308,002194,00000.00,09,000000.00,09,S,111139.0,*,*,
-024.4852181,-070.1488313,002194,00000.00,09,000000.00,09,S,111140.0,*,*,
-024.4852177,-070.1488317,002194,00000.00,09,000000.00,09,S,111141.0,*,*,
-024.4852176,-070.1488322,002194,00000.00,09,000000.00,09,S,111142.0,*,*,
-024.4852177,-070.1488329,002194,00000.00,09,000000.00,09,S,111143.0,*,*,
-024.4852176,-070.1488334,002194,00000.00,09,000000.00,09,S,111144.0,*,*,
-024.4852176,-070.1488339,002194,00000.00,09,000000.00,09,S,111145.0,*,*,
-024.4852172,-070.1488342,002194,00000.00,09,000000.00,07,S,111146.0,*,*,
-024.4852150,-070.1488339,002194,00000.00,09,000000.00,08,S,111147.0,*,*,
-024.4852171,-070.1488334,002194,00000.00,09,000000.00,06,S,111148.0,*,*,
-024.4852125,-070.1488306,002194,00000.00,09,000000.00,07,S,111149.0,*,*,
-024.4852089,-070.1488281,002194,00000.00,06,000000.00,10,S,111150.0,*,*,
-024.4852064,-070.1488253,002194,00000.00,09,000000.00,10,S,111151.0,*,*,
-024.4852019,-070.1488220,002195,00000.00,09,000000.00,10,S,111152.0,*,*,
-024.4851998,-070.1488197,002195,00000.00,09,000000.00,10,S,111153.0,*,*,
-024.4851982,-070.1488201,002195,00000.00,09,000000.00,10,S,111154.0,*,*,
-024.4851971,-070.1488201,002195,00000.00,09,000000.00,10,S,111155.0,*,*,
-024.4851960,-070.1488199,002195,00000.00,05,000000.00,10,S,111156.0,*,*,
-024.4851953,-070.1488197,002195,00000.00,09,000000.00,10,S,111157.0,*,*,
-024.4851946,-070.1488198,002196,00000.00,09,000000.00,10,S,111158.0,*,*,
-024.4851944,-070.1488202,002196,00000.00,09,000000.00,10,S,111159.0,*,*,
-024.4851943,-070.1488202,002196,00000.00,09,000000.00,10,S,111200.0,*,*,
-024.4851943,-070.1488201,002196,00000.00,09,000000.00,10,S,111201.0,*,*,
-024.4851943,-070.1488204,002196,00000.00,05,000000.00,10,S,111202.0,*,*,
-024.4851948,-070.1488202,002196,00000.00,09,000000.00,10,S,111203.0,*,*,
-024.4851932,-070.1488182,002196,00000.00,09,000000.00,10,S,111204.0,*,*,
-024.4851924,-070.1488177,002196,00000.00,09,000000.00,10,S,111205.0,*,*,
-024.4851919,-070.1488178,002196,00000.00,09,000000.00,10,S,111206.0,*,*,
-024.4851918,-070.1488175,002196,00000.00,09,000000.00,10,S,111207.0,*,*,
-024.4851916,-070.1488174,002196,00000.00,05,000000.00,10,S,111208.0,*,*,
-024.4851914,-070.1488175,002196,00000.00,09,000000.00,10,S,111209.0,*,*,
-024.4851922,-070.1488204,002196,00000.00,09,000000.00,10,S,111210.0,*,*,
-024.4851945,-070.1488264,002196,00000.00,09,000000.00,09,S,111211.0,*,*,
-024.4851963,-070.1488306,002196,00000.00,09,000000.00,10,S,111212.0,*,*,
-024.4851970,-070.1488325,002196,00000.00,09,000000.00,05,S,111213.0,*,*,
-024.4851974,-070.1488331,002196,00000.00,06,000000.00,06,S,111214.0,*,*,
-024.4851973,-070.1488324,002196,00000.00,09,000000.00,09,S,111215.0,*,*,
-024.4852013,-070.1488319,002197,00000.00,09,000000.00,09,S,111216.0,*,*,
-024.4852016,-070.1488315,002197,00000.00,09,000000.00,09,S,111217.0,*,*,
-024.4852017,-070.1488309,002196,00000.00,09,000000.00,08,S,111218.0,*,*,
-024.4852014,-070.1488310,002196,00000.00,09,000000.00,08,S,111219.0,*,*,
-024.4852026,-070.1488304,002196,00000.00,05,000000.00,10,S,111220.0,*,*,
-024.4852029,-070.1488294,002196,00000.00,09,000000.00,10,S,111221.0,*,*,
-024.4852022,-070.1488292,002196,00000.00,09,000000.00,10,S,111222.0,*,*,
-024.4852015,-070.1488292,002196,00000.00,09,000000.00,10,S,111223.0,*,*,
-024.4852000,-070.1488288,002196,00000.00,09,000000.00,10,S,111224.0,*,*,
-024.4851999,-070.1488282,002196,00000.00,09,000000.00,09,S,111225.0,*,*,
-024.4852004,-070.1488288,002196,00000.00,05,000000.00,09,S,111226.0,*,*,
-024.4852010,-070.1488281,002196,00000.00,09,000000.00,08,S,111227.0,*,*,
-024.4852011,-070.1488273,002196,00000.00,09,000000.00,09,S,111228.0,*,*,
-024.4852019,-070.1488275,002196,00000.00,09,000000.00,10,S,111229.0,*,*,
-024.4852029,-070.1488275,002196,00000.00,09,000000.00,10,S,111230.0,*,*,
-024.4852038,-070.1488274,002196,00000.00,09,000000.00,10,S,111231.0,*,*,
-024.4852047,-070.1488272,002196,00000.00,07,000000.00,10,S,111232.0,*,*,
-024.4852055,-070.1488271,002196,00000.00,09,000000.00,10,S,111233.0,*,*,
-024.4852061,-070.1488272,002196,00000.00,09,000000.00,10,S,111234.0,*,*,
-024.4852066,-070.1488274,002196,00000.00,09,000000.00,10,S,111235.0,*,*,
-024.4852068,-070.1488276,002196,00000.00,09,000000.00,10,S,111236.0,*,*,
-024.4852068,-070.1488276,002196,00000.00,09,000000.00,09,S,111237.0,*,*,
-024.4852068,-070.1488276,002196,00000.00,06,000000.00,09,S,111238.0,*,*,
-024.4852069,-070.1488276,002196,00000.00,09,000000.00,09,S,111239.0,*,*,
-024.4852069,-070.1488276,002196,00000.00,09,000000.00,09,S,111240.0,*,*,
-024.4852070,-070.1488277,002196,00000.00,09,000000.00,10,S,111241.0,*,*,
-024.4852070,-070.1488277,002196,00000.00,09,000000.00,09,S,111242.0,*,*,
-024.4852070,-070.1488277,002196,00000.00,09,000000.00,09,S,111243.0,*,*,
-024.4852070,-070.1488278,002196,00000.00,05,000000.00,09,S,111244.0,*,*,
-024.4852070,-070.1488278,002196,00000.00,09,000000.00,09,S,111245.0,*,*,
-024.4852071,-070.1488279,002196,00000.00,09,000000.00,10,S,111246.0,*,*,
-024.4852071,-070.1488279,002196,00000.00,09,000000.00,09,S,111247.0,*,*,
-024.4852071,-070.1488279,002196,00000.00,09,000000.00,09,S,111248.0,*,*,
-024.4852071,-070.1488279,002196,00000.00,09,000000.00,09,S,111249.0,*,*,
-024.4852073,-070.1488283,002196,00000.00,05,000000.00,10,S,111250.0,*,*,
-024.4852073,-070.1488287,002196,00000.00,09,000000.00,10,S,111251.0,*,*,
-024.4852073,-070.1488287,002196,00000.00,09,000000.00,09,S,111252.0,*,*,
-024.4852073,-070.1488287,002196,00000.00,09,000000.00,09,S,111253.0,*,*,
-024.4852074,-070.1488288,002196,00000.00,09,000000.00,09,S,111254.0,*,*,
-024.4852074,-070.1488288,002196,00000.00,09,000000.00,09,S,111255.0,*,*,
-024.4852074,-070.1488289,002196,00000.00,07,000000.00,10,S,111256.0,*,*,
-024.4852074,-070.1488289,002196,00000.00,09,000000.00,09,S,111257.0,*,*,
-024.4852074,-070.1488289,002196,00000.00,09,000000.00,09,S,111258.0,*,*,
-024.4852074,-070.1488290,002196,00000.00,09,000000.00,09,S,111259.0,*,*,
-024.4852074,-070.1488290,002196,00000.00,09,000000.00,09,S,111300.0,*,*,
-024.4852073,-070.1488291,002196,00000.00,09,000000.00,10,S,111301.0,*,*,
-024.4852073,-070.1488291,002196,00000.00,06,000000.00,09,S,111302.0,*,*,
-024.4852073,-070.1488291,002196,00000.00,09,000000.00,09,S,111303.0,*,*,
-024.4852073,-070.1488292,002196,00000.00,09,000000.00,09,S,111304.0,*,*,
-024.4852073,-070.1488292,002196,00000.00,09,000000.00,09,S,111305.0,*,*,
-024.4852072,-070.1488293,002196,00000.00,09,000000.00,10,S,111306.0,*,*,
-024.4852072,-070.1488293,002196,00000.00,09,000000.00,09,S,111307.0,*,*,
-024.4852072,-070.1488293,002196,00000.00,05,000000.00,09,S,111308.0,*,*,
-024.4852071,-070.1488294,002196,00000.00,09,000000.00,09,S,111309.0,*,*,
-024.4852071,-070.1488294,002196,00000.00,09,000000.00,09,S,111310.0,*,*,
-024.4852070,-070.1488295,002196,00000.00,09,000000.00,10,S,111311.0,*,*,
-024.4852068,-070.1488299,002196,00000.00,09,000000.00,10,S,111312.0,*,*,
-024.4852068,-070.1488299,002196,00000.00,09,000000.00,09,S,111313.0,*,*,
-024.4852068,-070.1488299,002196,00000.00,06,000000.00,09,S,111314.0,*,*,
-024.4852068,-070.1488300,002196,00000.00,09,000000.00,09,S,111315.0,*,*,
-024.4852068,-070.1488300,002196,00000.00,09,000000.00,09,S,111316.0,*,*,
-024.4852068,-070.1488301,002196,00000.00,09,000000.00,10,S,111317.0,*,*,
-024.4852068,-070.1488301,002196,00000.00,09,000000.00,09,S,111318.0,*,*,
-024.4852068,-070.1488301,002196,00000.00,09,000000.00,09,S,111319.0,*,*,
-024.4852068,-070.1488301,002196,00000.00,07,000000.00,09,S,111320.0,*,*,
-024.4852069,-070.1488303,002196,00000.00,09,000000.00,10,S,111321.0,*,*,
-024.4852068,-070.1488303,002196,00000.00,09,000000.00,09,S,111322.0,*,*,
-024.4852070,-070.1488304,002196,00000.00,09,000000.00,09,S,111323.0,*,*,
-024.4852070,-070.1488303,002196,00000.00,09,000000.00,09,S,111324.0,*,*,
-024.4852072,-070.1488304,002196,00000.00,09,000000.00,09,S,111325.0,*,*,
-024.4852074,-070.1488305,002196,00000.00,05,000000.00,09,S,111326.0,*,*,
-024.4852074,-070.1488305,002196,00000.00,09,000000.00,09,S,111327.0,*,*,
-024.4852074,-070.1488305,002196,00000.00,09,000000.00,10,S,111328.0,*,*,
-024.4852074,-070.1488305,002196,00000.00,09,000000.00,09,S,111329.0,*,*,
-024.4852074,-070.1488305,002196,00000.00,09,000000.00,09,S,111330.0,*,*,
-024.4852074,-070.1488306,002196,00000.00,09,000000.00,09,S,111331.0,*,*,
-024.4852074,-070.1488306,002196,00000.00,05,000000.00,09,S,111332.0,*,*,
-024.4852075,-070.1488307,002196,00000.00,09,000000.00,09,S,111333.0,*,*,
-024.4852075,-070.1488307,002196,00000.00,09,000000.00,09,S,111334.0,*,*,
-024.4852076,-070.1488307,002196,00000.00,09,000000.00,10,S,111335.0,*,*,
-024.4852075,-070.1488306,002196,00000.00,09,000000.00,09,S,111336.0,*,*,
-024.4852075,-070.1488306,002196,00000.00,09,000000.00,09,S,111337.0,*,*,
-024.4852075,-070.1488306,002196,00000.00,08,000000.00,09,S,111338.0,*,*,
-024.4852075,-070.1488308,002196,00000.00,09,000000.00,09,S,111339.0,*,*,
-024.4852075,-070.1488309,002196,00000.00,09,000000.00,10,S,111340.0,*,*,
-024.4852075,-070.1488309,002196,00000.00,09,000000.00,09,S,111341.0,*,*,
-024.4852075,-070.1488309,002196,00000.00,09,000000.00,09,S,111342.0,*,*,
-024.4852075,-070.1488311,002196,00000.00,09,000000.00,09,S,111343.0,*,*,
-024.4852074,-070.1488311,002196,00000.00,07,000000.00,09,S,111344.0,*,*,
-024.4852074,-070.1488313,002196,00000.00,09,000000.00,09,S,111345.0,*,*,
-024.4852073,-070.1488313,002196,00000.00,09,000000.00,09,S,111346.0,*,*,
-024.4852073,-070.1488313,002196,00000.00,09,000000.00,10,S,111347.0,*,*,
-024.4852072,-070.1488315,002196,00000.00,09,000000.00,10,S,111348.0,*,*,
-024.4852071,-070.1488316,002196,00000.00,09,000000.00,10,S,111349.0,*,*,
-024.4852071,-070.1488316,002196,00000.00,06,000000.00,09,S,111350.0,*,*,
-024.4852072,-070.1488317,002196,00000.00,09,000000.00,10,S,111351.0,*,*,
-024.4852072,-070.1488318,002196,00000.00,09,000000.00,10,S,111352.0,*,*,
-024.4852077,-070.1488319,002195,00000.00,09,000000.00,10,S,111353.0,*,*,
